1-2
0.994394	0.105638	0.0046909	-68.9654
-0.105554	0.994293	-0.0154809	14.6018
-0.0062995	0.0148989	0.999869	-9.22283
0	0	0	1

1-3
0.985391	0.170178	0.00655701	-110.841
-0.169984	0.98517	-0.0233739	27.4196
-0.0104375	0.0219178	0.999705	-14.7204
0	0	0	


1-4
0.995802	-0.0913516	-0.0057416	60.3384
0.0914189	0.99573	0.0128293	-6.61557
0.00454511	-0.0133004	0.999901	8.3568
0	0	0	1

1-5
0.991104	-0.132804	-0.00874933	88.1076
0.132948	0.990946	0.0187126	-7.72583
0.006185	-0.0197093	0.999787	12.3266
0	0	0	1

1 has two balls
2,3 has left ball
4,5 has right ball


Trasnformation matrix for fine registration for 2  
Fitness score: 0.06825
0.994567  0.0987667 -0.0329415   -41.1861
-0.0994465    0.99485 -0.0196921    17.2653
0.0308271  0.0228609   0.999265   -8.20215
0          0          0          1
         
Trasnformation matrix for fine registration for 4  
Fitness score: 0.0529527
0.994193 -0.0886802  0.0609579    13.1641
0.0875256   0.995934  0.0213633   -12.2132
-0.0626048 -0.0159039   0.997912    10.8728
0          0          0          1
